0.0 0.0
0.1 0.0
0.2 0.0010000000000000002
0.30000000000000004 0.005000000000000001
0.4 0.014000000000000004
0.5 0.030000000000000006
0.6000000000000001 0.05500000000000001
0.7000000000000001 0.09100000000000003
0.8 0.14000000000000004
0.9 0.20400000000000007
1.0 0.2850000000000001
1.1 0.3850000000000001
1.2000000000000002 0.5060000000000001
1.3 0.6500000000000001
1.4000000000000001 0.8190000000000002
1.5 1.0150000000000001
1.6 1.2400000000000002
1.7000000000000002 1.4960000000000002
1.8 1.7850000000000004
1.9000000000000001 2.1090000000000004
2.0 2.4700000000000006
2.1 2.8700000000000006
2.2 3.311000000000001
2.3000000000000003 3.795000000000001
2.4000000000000004 4.324000000000001
2.5 4.900000000000001
2.6 5.525000000000001
2.7 6.201000000000001
2.8000000000000003 6.9300000000000015
2.9000000000000004 7.714000000000002
3.0 8.555000000000003
3.1 9.455000000000004
3.2 10.416000000000004
3.3000000000000003 11.440000000000005
3.4000000000000004 12.529000000000005
3.5 13.685000000000006
3.6 14.910000000000005
3.7 16.206000000000007
3.8000000000000003 17.575000000000006
3.9000000000000004 19.019000000000005
4.0 20.540000000000006
4.1000000000000005 22.140000000000008
4.2 23.82100000000001
4.3 25.585000000000008
4.4 27.434000000000008
4.5 29.370000000000008
4.6000000000000005 31.395000000000007
4.7 33.51100000000001
4.800000000000001 35.72000000000001
4.9 38.024000000000015
5.0 40.42500000000002
5.1000000000000005 42.92500000000002
5.2 45.52600000000002
5.300000000000001 48.23000000000002
5.4 51.039000000000016
5.5 53.95500000000001
5.6000000000000005 56.98000000000001
5.7 60.116000000000014
5.800000000000001 63.365000000000016
5.9 66.72900000000001
6.0 70.21000000000001
6.1000000000000005 73.81
6.2 77.531
6.300000000000001 81.375
6.4 85.344
6.5 89.44
6.6000000000000005 93.66499999999999
6.7 98.02099999999999
6.800000000000001 102.50999999999999
6.9 107.13399999999999
7.0 111.89499999999998
7.1000000000000005 116.79499999999999
7.2 121.83599999999998
7.300000000000001 127.01999999999998
7.4 132.349
7.5 137.825
7.6000000000000005 143.45
7.7 149.226
7.800000000000001 155.155
7.9 161.239
8.0 167.48000000000002
8.1 173.88000000000002
8.200000000000001 180.44100000000003
8.3 187.16500000000002
8.4 194.05400000000003
8.5 201.11000000000004
8.6 208.33500000000004
8.700000000000001 215.73100000000002
8.8 223.3
8.9 231.044
9.0 238.965
9.1 247.065
9.200000000000001 255.346
9.3 263.81
9.4 272.459
9.5 281.295
9.600000000000001 290.32
9.700000000000001 299.536
9.8 308.945
9.9 318.549
10.0 328.34999999999997
