0.0 0.0
0.1 0.0
0.2 9.973768743999092E-6
0.30000000000000004 3.9697815611667176E-5
0.4 9.854794949251498E-5
0.5 1.9530895387862222E-4
0.6000000000000001 3.379931648589249E-4
0.7000000000000001 5.336707004171681E-4
0.8 7.883139337197765E-4
0.9 0.0011066586125023088
1.0 0.0014920838036101957
1.1 0.0019465125890166142
1.2000000000000002 0.0024703351603987
1.3 0.0030623556571113177
1.4000000000000001 0.0037197637709589933
1.5 0.00443813180458438
1.6 0.005211437522819256
1.7000000000000002 0.0060321127823841185
1.8 0.006891117569373153
1.9000000000000001 0.007778038720562357
2.0 0.008681212258255303
2.1 0.009587867933589967
2.2 0.010484294254303965
2.3000000000000003 0.011356021974050539
2.4000000000000004 0.012188023745401816
2.5 0.012964927391320602
2.6 0.013671240033456693
2.7 0.014291580133093586
2.8000000000000003 0.014810914354500342
2.9000000000000004 0.01521479605296019
3.0 0.015489602122518653
3.1 0.0156227649127009
3.2 0.015602995939769724
3.3000000000000003 0.015420498176698305
3.4000000000000004 0.015067163806563639
3.5 0.014536754465658655
3.6 0.013825061183895229
3.7 0.012930041449152233
3.8000000000000003 0.01185193107676137
3.9000000000000004 0.010593328852515967
4.0 0.009159252234210555
4.1000000000000005 0.007557162739162717
4.2 0.005796960009479586
4.3 0.0038909439287557156
4.4 0.0018537445589216698
4.5 -2.9777993060088126E-4
4.6000000000000005 -0.002544676762290944
4.7 -0.004866062493712641
4.800000000000001 -0.007239316020481407
4.9 -0.009640298867034547
5.0 -0.012043600621404114
5.1000000000000005 -0.014422807019213345
5.2 -0.016750787856492637
5.300000000000001 -0.019000001614883008
5.4 -0.021142813420300492
5.5 -0.02315182273075073
5.6000000000000005 -0.025000196963882157
5.7 -0.026662007132776198
5.800000000000001 -0.028112561461640227
5.9 -0.029328732903228263
6.0 -0.030289276478163155
6.1000000000000005 -0.03097513240351418
6.2 -0.03136971107406866
6.300000000000001 -0.03145915610422441
6.4 -0.03123258183024524
6.5 -0.030682281910122573
6.6000000000000005 -0.02980390593927467
6.7 -0.028596601322063032
6.800000000000001 -0.027063117998375245
6.9 -0.02520987401760507
7.0 -0.023046980375106683
7.1000000000000005 -0.020588223974071746
7.2 -0.01785100804389221
7.300000000000001 -0.014856249829254748
7.4 -0.011628235857055646
7.5 -0.008194435585145654
7.6000000000000005 -0.0045852747322170494
7.7 -8.338700760876475E-4
7.800000000000001 0.0030242720175071964
7.9 0.0069515906173757466
8.0 0.010908835650440105
8.1 0.014855460173870107
8.200000000000001 0.01875003557534444
8.3 0.022550685452292996
8.4 0.02621553363572613
8.5 0.02970316158630496
8.6 0.03297307020299474
8.700000000000001 0.03598614095077854
8.8 0.038705091135725164
8.9 0.04109491813483399
9.0 0.04312332742552142
9.1 0.04476113935572359
9.200000000000001 0.04598266975006443
9.3 0.04676607965941258
9.4 0.04709368982880329
9.5 0.046952255779864054
9.600000000000001 0.04633319977565986
9.700000000000001 0.045232796354768
9.8 0.04365230858333723
9.9 0.04159807267428606
10.0 0.039081529156569546
