0.0 0.0
0.2 -0.09933472064922243
0.4 -0.19470927945499827
0.6000000000000001 -0.28232139372956583
0.8 -0.3586782449528125
1.0 -0.4207357264244452
1.2000000000000002 -0.4660198021918972
1.4000000000000001 -0.4927251390564849
1.6 -0.49978707951098095
1.8 -0.48692408627470635
2.0 -0.45464896629646895
2.2 -0.4042484267597703
2.4000000000000004 -0.3377317781278388
2.6 -0.25775082927620663
2.8000000000000003 -0.16749416824110913
3.0 -0.07056004327665134
3.2 0.02918708794815393
3.4000000000000004 0.1277706220816485
3.6 0.22126034471626171
3.8000000000000003 0.30592911563443165
4.0 0.3784014581274081
4.2 0.4357881285996979
4.4 0.4758013015936816
4.6000000000000005 0.49684577817095815
4.800000000000001 0.4980825814600776
5.0 0.4794624040168613
5.2 0.4417275735566026
5.4 0.38638245869060833
5.6000000000000005 0.31563349449697625
5.800000000000001 0.23230121891683944
6.0 0.13970782680737562
6.2 0.04154472451664358
6.4 -0.05827463483860759
6.6000000000000005 -0.15577076839908788
6.800000000000001 -0.24705681298658172
7.0 -0.32849348207315765
7.2 -0.39683415265060407
7.4 -0.4493542978444552
7.6000000000000005 -0.48396010520273436
7.800000000000001 -0.499271950391007
8.0 -0.4946793984609385
8.200000000000001 -0.47036553996534497
8.4 -0.4272996917156282
8.6 -0.3671987531793617
8.8 -0.2924587591165073
9.0 -0.20605935723466096
9.200000000000001 -0.11144501903777282
9.4 -0.012387719616943071
9.600000000000001 0.08716343909330439
9.8 0.18323966654703971
10.0 0.27201070674175054
10.200000000000001 0.34993753843809033
10.4 0.4139134647686637
10.600000000000001 0.46138796743838084
10.8 0.4904683878402565
11.0 0.4999953813814413
11.200000000000001 0.48958913689361483
11.4 0.4596645185057031
11.600000000000001 0.41141452632023834
11.8 0.3467627352639996
12.0 0.2682866082258748
12.200000000000001 0.17911474074513445
12.4 0.08280213378013541
12.600000000000001 -0.016811532961434436
12.8 -0.11575497693569198
13.0 -0.21008363526547658
13.200000000000001 -0.29603692201447446
13.4 -0.3701881508812844
13.600000000000001 -0.4295811463687208
13.8 -0.471848097172135
14.0 -0.49530395334407123
14.200000000000001 -0.4990136039181889
14.4 -0.482829156832577
14.600000000000001 -0.447395834919563
14.8 -0.39412625290750525
15.0 -0.3251441009293378
15.200000000000001 -0.24319947969866157
15.4 -0.15155926267273767
15.600000000000001 -0.053876856116962135
15.8 0.04595345067394559
16.0 0.14395173840098244
16.2 0.2362111245839514
16.400000000000002 0.31905351863706644
16.6 0.38917625573372144
16.8 0.4437837636309661
17.0 0.48069901331289344
17.2 0.49845031026749176
17.400000000000002 0.49632996630263815
17.6 0.4744225128410786
17.8 0.43360133091935876
18.0 0.37549383224200883
18.2 0.302416579412479
18.400000000000002 0.21728293189247594
18.6 0.12348689955386179
18.8 0.02476783421548101
19.0 -0.07493864651365041
19.200000000000003 -0.17165755988885675
19.400000000000002 -0.2615330280480491
19.6 -0.3409819996941612
19.8 -0.4068370950433907
20.0 -0.45647287926193464
